13
KkarCBS139720|Knufia_karalitana.CBS.139720             0.0000000 0.0177523 0.0000010 0.0000010 0.0177523 0.0000010 0.0000010 0.0000010 0.0359349 0.0000010 0.0394828 0.0000010 0.0000010 
LgutM1|Lithohypha_guttulata.M1                         0.0177523 0.0000000 0.0000010 0.0000010 0.0000010 0.0000010 0.0000010 0.0000010 0.0165752 0.0000010 0.0394828 0.0000010 0.0000010 
LaloCPC35996|Lithohypha_aloicola.CPC.35996             0.0000010 0.0000010 0.0000000 0.0000010 0.0000010 0.0000010 0.0000010 0.0000010 0.0000010 0.0000010 0.0394828 0.0000010 0.0000010 
KpetCBS726.95|Knufia_petricola.CBS.726.95              0.0000010 0.0000010 0.0000010 0.0000000 0.0000010 0.0000010 0.0000010 0.0000010 0.0000010 0.0000010 0.0394828 0.0000010 0.0000010 
EderCBS201735|Exophiala_dermatitidis_CBS.207.35        0.0177523 0.0000010 0.0000010 0.0000010 0.0000000 0.0000010 0.0000010 0.0000010 0.0100673 0.0000010 0.0394828 0.0000010 0.0000010 
KF777182|Neophaeococcomyces_catenatus_GenBank.KF777182 0.0000010 0.0000010 0.0000010 0.0000010 0.0000010 0.0000000 0.0000010 0.0000010 0.0000010 0.0000010 0.0394828 0.0000010 0.0000010 
JES112|Knufia_sp.JES112                                0.0000010 0.0000010 0.0000010 0.0000010 0.0000010 0.0000010 0.0000000 0.0000010 0.0000010 0.0000010 0.0394828 0.0000010 0.0000010 
KvatCBS139722|Knufia_vaticanii.CBS.139722              0.0000010 0.0000010 0.0000010 0.0000010 0.0000010 0.0000010 0.0000010 0.0000000 0.0000010 0.0000010 0.0000010 0.0000010 0.0000010 
MH863143.1|Neophaeococcomyces                          0.0359349 0.0165752 0.0000010 0.0000010 0.0100673 0.0000010 0.0000010 0.0000010 0.0000000 0.0000010 0.0394828 0.0000010 0.0000010 
KcryDAOM21655|Knufia_cryptophialidica.DAOM.216555      0.0000010 0.0000010 0.0000010 0.0000010 0.0000010 0.0000010 0.0000010 0.0000010 0.0000010 0.0000000 0.0394828 0.0000010 0.0000010 
AtarCBS127021|Arthrocladium_tardum.CBS.127021          0.0394828 0.0394828 0.0394828 0.0394828 0.0394828 0.0394828 0.0394828 0.0000010 0.0394828 0.0394828 0.0000000 0.0394828 0.0394828 
AtroCBS134926|Arthrocladium_tropicale.CBS.134926       0.0000010 0.0000010 0.0000010 0.0000010 0.0000010 0.0000010 0.0000010 0.0000010 0.0000010 0.0000010 0.0394828 0.0000000 0.0000010 
AfulCBS136243|Arthrocladium_fulminans.CBS.136243       0.0000010 0.0000010 0.0000010 0.0000010 0.0000010 0.0000010 0.0000010 0.0000010 0.0000010 0.0000010 0.0394828 0.0000010 0.0000000 
