23
MH863143.1|Neophaeococcomyces                          0.0000000 0.5282542 0.6154603 0.3772685 0.3947737 0.3916515 0.4680360 0.5049338 0.5414620 0.8127838 0.5836123 0.5282542 0.5415645 0.3630421 0.2140344 0.4275705 0.7356658 0.0495097 1.1515121 0.7090488 0.6859153 0.0691207 0.2992581 
LaloCPC35996|Lithohypha_aloicola.CPC.35996             0.5282542 0.0000000 0.6405561 0.3803501 0.3982605 0.5163052 0.5781180 0.5984127 0.5369135 0.4505331 0.4898511 0.0000010 0.5301500 0.4262251 0.5996614 0.6107886 0.7285567 0.5952042 1.1557871 0.5918107 0.5429875 0.6001233 0.3645612 
AcauCBS45767|Arthrocladium_caudatum.CBS.457.67         0.6154603 0.6405561 0.0000000 0.2414327 0.2752582 0.1717398 0.3888529 0.2465382 0.1231147 0.6036233 0.0882340 0.6405561 0.1283253 0.1473789 0.4752811 0.3601859 0.4635764 0.6277630 1.1473512 0.3974393 0.2405109 0.7378691 0.2242804 
KpetCBS726.95|Knufia_petricola.CBS.726.95              0.3772685 0.3803501 0.2414327 0.0000000 0.0765573 0.1464591 0.3120805 0.1060354 0.1915955 0.3643834 0.2172069 0.3803501 0.2324957 0.0482926 0.3388934 0.3085133 0.3052297 0.4323526 0.9100278 0.3016615 0.1335660 0.4261874 0.0463124 
KtsuFMR10621|Knufia_tsunedae.FMR.10621                 0.3947737 0.3982605 0.2752582 0.0765573 0.0000000 0.1672439 0.3525522 0.1121952 0.2002770 0.4949745 0.2608369 0.3982605 0.2203544 0.0659929 0.3358936 0.3525668 0.2940907 0.4216937 1.0990270 0.2608038 0.1546635 0.4534634 0.0728667 
KvatCBS139722|Knufia_vaticanii.CBS.139722              0.3916515 0.5163052 0.1717398 0.1464591 0.1672439 0.0000000 0.2946791 0.1519755 0.1935337 0.4774458 0.1775406 0.5163052 0.2022815 0.0560481 0.3538324 0.2228553 0.3129215 0.4234472 0.7650646 0.2657492 0.1263280 0.4788429 0.0841766 
KendUAMH10396|Knufia_endospora.UAMH.10396              0.4680360 0.5781180 0.3888529 0.3120805 0.3525522 0.2946791 0.0000000 0.2950186 0.3813819 0.3530617 0.3728503 0.5781180 0.4072975 0.2718923 0.4147624 0.0622574 0.2966687 0.4595378 1.2370444 0.2626200 0.3745604 0.4985371 0.2955904 
KcalCGMCC317222|Knufia_calcarecola.CGMCC_3.17222       0.5049338 0.5984127 0.2465382 0.1060354 0.1121952 0.1519755 0.2950186 0.0000000 0.1761877 0.3953207 0.2229978 0.5984127 0.2256655 0.0270132 0.4210413 0.2841538 0.2933473 0.5072298 1.2194129 0.2355886 0.1101942 0.5697656 0.0942051 
AtroCBS134926|Arthrocladium_tropicale.CBS.134926       0.5414620 0.5369135 0.1231147 0.1915955 0.2002770 0.1935337 0.3813819 0.1761877 0.0000000 0.5755001 0.0854515 0.5369135 0.0379538 0.1427138 0.3471209 0.3619018 0.4293471 0.5451113 0.9559911 0.3872837 0.2296409 0.6529829 0.2089638 
LcatCGMCC31408|Lithohypha_catenulata.CGMCC_3.14008     0.8127838 0.4505331 0.6036233 0.3643834 0.4949745 0.4774458 0.3530617 0.3953207 0.5755001 0.0000000 0.4777789 0.4505331 0.5209632 0.3455286 0.3787738 0.4830020 0.4642053 0.7003656 2.1226725 0.2959250 0.3759948 0.7106633 0.4119496 
AtarCBS127021|Arthrocladium_tardum.CBS.127021          0.5836123 0.4898511 0.0882340 0.2172069 0.2608369 0.1775406 0.3728503 0.2229978 0.0854515 0.4777789 0.0000000 0.4898511 0.0607201 0.1702550 0.3482783 0.3539865 0.3748941 0.5879003 0.9040181 0.3991367 0.2469999 0.7252715 0.2142433 
LgutM1|Lithohypha_guttulata.M1                         0.5282542 0.0000010 0.6405561 0.3803501 0.3982605 0.5163052 0.5781180 0.5984127 0.5369135 0.4505331 0.4898511 0.0000000 0.5301500 0.4262251 0.5996614 0.6107886 0.7285567 0.5952042 1.1557871 0.5918107 0.5429875 0.6001233 0.3645612 
AfulCBS136243|Arthrocladium_fulminans.CBS.136243       0.5415645 0.5301500 0.1283253 0.2324957 0.2203544 0.2022815 0.4072975 0.2256655 0.0379538 0.5209632 0.0607201 0.5301500 0.0000000 0.1824644 0.3367305 0.3869537 0.4245673 0.5451484 0.9417012 0.3647610 0.2617692 0.6510161 0.2404638 
KmarCBS139726|Knufia_marmoricola.CBS.139726            0.3630421 0.4262251 0.1473789 0.0482926 0.0659929 0.0560481 0.2718923 0.0270132 0.1427138 0.3455286 0.1702550 0.4262251 0.1824644 0.0000000 0.3229506 0.2426939 0.2349234 0.3639487 0.7781835 0.1694875 0.0339323 0.4160921 0.0272795 
JES112|Knufia_sp.JES112                                0.2140344 0.5996614 0.4752811 0.3388934 0.3358936 0.3538324 0.4147624 0.4210413 0.3471209 0.3787738 0.3482783 0.5996614 0.3367305 0.3229506 0.0000000 0.3913208 0.6162032 0.2143250 1.0518571 0.4679068 0.4550479 0.2954103 0.3927758 
KcryDAOM21655|Knufia_cryptophialidica.DAOM.216555      0.4275705 0.6107886 0.3601859 0.3085133 0.3525668 0.2228553 0.0622574 0.2841538 0.3619018 0.4830020 0.3539865 0.6107886 0.3869537 0.2426939 0.3913208 0.0000000 0.3119487 0.4993016 1.1806846 0.2718881 0.3974482 0.5426926 0.2797599 
KepiCBS120353|Knufia_epidermidis.CBS.120353            0.7356658 0.7285567 0.4635764 0.3052297 0.2940907 0.3129215 0.2966687 0.2933473 0.4293471 0.4642053 0.3748941 0.7285567 0.4245673 0.2349234 0.6162032 0.3119487 0.0000000 0.7504281 1.4954448 0.3118745 0.2916370 0.8017599 0.2942853 
KF777182|Neophaeococcomyces_catenatus_GenBank.KF777182 0.0495097 0.5952042 0.6277630 0.4323526 0.4216937 0.4234472 0.4595378 0.5072298 0.5451113 0.7003656 0.5879003 0.5952042 0.5451484 0.3639487 0.2143250 0.4993016 0.7504281 0.0000000 1.1548903 0.6758001 0.6324007 0.0945243 0.3464954 
EderCBS201735|Exophiala_dermatitidis_CBS.207.35        1.1515121 1.1557871 1.1473512 0.9100278 1.0990270 0.7650646 1.2370444 1.2194129 0.9559911 2.1226725 0.9040181 1.1557871 0.9417012 0.7781835 1.0518571 1.1806846 1.4954448 1.1548903 0.0000000 1.3159422 0.9545590 1.4297686 0.7103995 
KmedCBS129721|Knufia_mediterranea.CBS.139721           0.7090488 0.5918107 0.3974393 0.3016615 0.2608038 0.2657492 0.2626200 0.2355886 0.3872837 0.2959250 0.3991367 0.5918107 0.3647610 0.1694875 0.4679068 0.2718881 0.3118745 0.6758001 1.3159422 0.0000000 0.1796707 0.6790643 0.2141831 
KperCBS88595|Knufia_perforans.CBS.885.95               0.6859153 0.5429875 0.2405109 0.1335660 0.1546635 0.1263280 0.3745604 0.1101942 0.2296409 0.3759948 0.2469999 0.5429875 0.2617692 0.0339323 0.4550479 0.3974482 0.2916370 0.6324007 0.9545590 0.1796707 0.0000000 0.6782732 0.0872026 
MW798187.1                                             0.0691207 0.6001233 0.7378691 0.4261874 0.4534634 0.4788429 0.4985371 0.5697656 0.6529829 0.7106633 0.7252715 0.6001233 0.6510161 0.4160921 0.2954103 0.5426926 0.8017599 0.0945243 1.4297686 0.6790643 0.6782732 0.0000000 0.3843991 
KkarCBS139720|Knufia_karalitana.CBS.139720             0.2992581 0.3645612 0.2242804 0.0463124 0.0728667 0.0841766 0.2955904 0.0942051 0.2089638 0.4119496 0.2142433 0.3645612 0.2404638 0.0272795 0.3927758 0.2797599 0.2942853 0.3464954 0.7103995 0.2141831 0.0872026 0.3843991 0.0000000 
