23
AfulCBS136243|Arthrocladium_fulminans.CBS.136243       0.0000000 0.7182219 0.5322954 0.2397648 0.1576008 0.2723051 0.2445398 0.2310226 0.6154804 0.5666816 0.2467422 0.7136426 0.7162283 0.2748853 0.3449941 0.2768822 0.4987233 0.0685375 0.5544804 0.0947098 0.2556169 0.1143668 0.3581458 
LgutM1|Lithohypha_guttulata.M1                         0.7182219 0.0000000 0.6128413 0.6932266 0.7187305 0.7032765 0.5717379 0.7415400 0.5698543 0.4637391 0.5955581 0.8535470 0.7276880 0.7144910 0.5532891 0.6333955 0.6825400 0.6376673 0.0584878 0.6737064 0.6778481 0.6602863 0.9040547 
MW798187.1                                             0.5322954 0.6128413 0.0000000 0.4235808 0.4049010 0.4130034 0.4580254 0.4083895 0.2095277 0.2155862 0.3982791 0.6308028 0.2697587 0.3854707 0.6615585 0.4368998 0.6525020 0.5339121 0.4830222 0.5292462 0.4021043 0.5310155 0.5083243 
KmarCBS139726|Knufia_marmoricola.CBS.139726            0.2397648 0.6932266 0.4235808 0.0000000 0.0944391 0.0654122 0.1169068 0.0506554 0.4283525 0.3877344 0.1615746 0.7091252 0.5547631 0.0684146 0.1786509 0.1762443 0.3949611 0.2723645 0.5598294 0.2063931 0.0506654 0.1852229 0.1586672 
KtsuFMR10621|Knufia_tsunedae.FMR.10621                 0.1576008 0.7187305 0.4049010 0.0944391 0.0000000 0.1327238 0.1353945 0.0777107 0.4657112 0.4021532 0.1414294 0.6530272 0.5381861 0.1043825 0.2375292 0.1804486 0.3705244 0.1851783 0.5197959 0.1578512 0.1036138 0.1596088 0.1957995 
KcalCGMCC317222|Knufia_calcarecola.CGMCC_3.17222       0.2723051 0.7032765 0.4130034 0.0654122 0.1327238 0.0000000 0.1380331 0.0562346 0.4463763 0.4065937 0.1495093 0.6627810 0.6221346 0.0745468 0.2239886 0.2015792 0.4214817 0.2950438 0.5352653 0.2449692 0.0562437 0.2039083 0.1609026 
KendUAMH10396|Knufia_endospora.UAMH.10396              0.2445398 0.5717379 0.4580254 0.1169068 0.1353945 0.1380331 0.0000000 0.0803733 0.4660729 0.4078039 0.1581517 0.6426825 0.6355620 0.1232870 0.1609346 0.0525694 0.4107308 0.2327487 0.4537395 0.2276011 0.1206772 0.1785869 0.2480992 
KpetCBS726.95|Knufia_petricola.CBS.726.95              0.2310226 0.7415400 0.4083895 0.0506554 0.0777107 0.0562346 0.0803733 0.0000000 0.4272115 0.4221455 0.1252147 0.7046787 0.5962307 0.0408032 0.1994538 0.1439792 0.4082877 0.2401295 0.5387174 0.2051740 0.0294003 0.1816240 0.1452436 
MH863143.1|Neophaeococcomyces                          0.6154804 0.5698543 0.2095277 0.4283525 0.4657112 0.4463763 0.4660729 0.4272115 0.0000000 0.1866727 0.4068009 0.7350085 0.0694210 0.4171877 0.6154678 0.4879089 0.6734887 0.6185387 0.4677909 0.5853029 0.4704438 0.5534366 0.4910861 
JES112|Knufia_sp.JES112                                0.5666816 0.4637391 0.2155862 0.3877344 0.4021532 0.4065937 0.4078039 0.4221455 0.1866727 0.0000000 0.3242274 0.8837382 0.1489625 0.3643334 0.5792308 0.3787889 0.6821602 0.6548479 0.4294782 0.5291931 0.4362368 0.6267448 0.4528683 
KepiCBS120353|Knufia_epidermidis.CBS.120353            0.2467422 0.5955581 0.3982791 0.1615746 0.1414294 0.1495093 0.1581517 0.1252147 0.4068009 0.3242274 0.0000000 0.6912359 0.5864470 0.1269157 0.2263191 0.1804905 0.3871836 0.3007153 0.4738050 0.2470840 0.1377127 0.2171128 0.2324992 
EderCBS201735|Exophiala_dermatitidis_CBS.207.35        0.7136426 0.8535470 0.6308028 0.7091252 0.6530272 0.6627810 0.6426825 0.7046787 0.7350085 0.8837382 0.6912359 0.0000000 0.9160091 0.6739020 0.7733390 0.6813182 0.9848451 0.7158741 0.6865997 0.6915610 0.7018831 0.7221729 0.8640566 
KF777182|Neophaeococcomyces_catenatus_GenBank.KF777182 0.7162283 0.7276880 0.2697587 0.5547631 0.5381861 0.6221346 0.6355620 0.5962307 0.0694210 0.1489625 0.5864470 0.9160091 0.0000000 0.5971532 0.7849242 0.6300345 0.7906808 0.7591944 0.6266945 0.6643243 0.6518628 0.6992140 0.6626922 
KkarCBS139720|Knufia_karalitana.CBS.139720             0.2748853 0.7144910 0.3854707 0.0684146 0.1043825 0.0745468 0.1232870 0.0408032 0.4171877 0.3643334 0.1269157 0.6739020 0.5971532 0.0000000 0.2193403 0.1461632 0.4785692 0.2678072 0.5354607 0.2377981 0.0455651 0.2228466 0.1589713 
KmedCBS129721|Knufia_mediterranea.CBS.139721           0.3449941 0.5532891 0.6615585 0.1786509 0.2375292 0.2239886 0.1609346 0.1994538 0.6154678 0.5792308 0.2263191 0.7733390 0.7849242 0.2193403 0.0000000 0.2179958 0.4039368 0.3341082 0.4984060 0.3023226 0.2051655 0.2708576 0.3323867 
KcryDAOM21655|Knufia_cryptophialidica.DAOM.216555      0.2768822 0.6333955 0.4368998 0.1762443 0.1804486 0.2015792 0.0525694 0.1439792 0.4879089 0.3787889 0.1804905 0.6813182 0.6300345 0.1461632 0.2179958 0.0000000 0.5172891 0.2545726 0.5051567 0.2905620 0.1760227 0.2406442 0.3273550 
LcatCGMCC31408|Lithohypha_catenulata.CGMCC_3.14008     0.4987233 0.6825400 0.6525020 0.3949611 0.3705244 0.4214817 0.4107308 0.4082877 0.6734887 0.6821602 0.3871836 0.9848451 0.7906808 0.4785692 0.4039368 0.5172891 0.0000000 0.5564853 0.5475539 0.4144118 0.4067088 0.4481570 0.5580324 
AtroCBS134926|Arthrocladium_tropicale.CBS.134926       0.0685375 0.6376673 0.5339121 0.2723645 0.1851783 0.2950438 0.2327487 0.2401295 0.6185387 0.6548479 0.3007153 0.7158741 0.7591944 0.2678072 0.3341082 0.2545726 0.5564853 0.0000000 0.4865982 0.0751932 0.2483513 0.1187816 0.3962397 
LaloCPC35996|Lithohypha_aloicola.CPC.35996             0.5544804 0.0584878 0.4830222 0.5598294 0.5197959 0.5352653 0.4537395 0.5387174 0.4677909 0.4294782 0.4738050 0.6865997 0.6266945 0.5354607 0.4984060 0.5051567 0.5475539 0.4865982 0.0000000 0.5186696 0.5044535 0.5389799 0.7476648 
AtarCBS127021|Arthrocladium_tardum.CBS.127021          0.0947098 0.6737064 0.5292462 0.2063931 0.1578512 0.2449692 0.2276011 0.2051740 0.5853029 0.5291931 0.2470840 0.6915610 0.6643243 0.2377981 0.3023226 0.2905620 0.4144118 0.0751932 0.5186696 0.0000000 0.2206896 0.0903932 0.3252312 
KperCBS88595|Knufia_perforans.CBS.885.95               0.2556169 0.6778481 0.4021043 0.0506654 0.1036138 0.0562437 0.1206772 0.0294003 0.4704438 0.4362368 0.1377127 0.7018831 0.6518628 0.0455651 0.2051655 0.1760227 0.4067088 0.2483513 0.5044535 0.2206896 0.0000000 0.1956537 0.1573825 
AcauCBS45767|Arthrocladium_caudatum.CBS.457.67         0.1143668 0.6602863 0.5310155 0.1852229 0.1596088 0.2039083 0.1785869 0.1816240 0.5534366 0.6267448 0.2171128 0.7221729 0.6992140 0.2228466 0.2708576 0.2406442 0.4481570 0.1187816 0.5389799 0.0903932 0.1956537 0.0000000 0.2951614 
KvatCBS139722|Knufia_vaticanii.CBS.139722              0.3581458 0.9040547 0.5083243 0.1586672 0.1957995 0.1609026 0.2480992 0.1452436 0.4910861 0.4528683 0.2324992 0.8640566 0.6626922 0.1589713 0.3323867 0.3273550 0.5580324 0.3962397 0.7476648 0.3252312 0.1573825 0.2951614 0.0000000 
