27
Phaeosphaeria_sp.MPI-PUGE-AT-0046c      0.0000000 8.1605885 8.4918088 0.2982157 0.1320279 8.1633157 8.2307937 8.9999982 0.1955556 0.2009944 0.2281398 7.8029524 7.7965743 0.2009192 0.0812489 0.1706240 0.1470790 8.9999988 8.0350106 0.2980559 0.2313967 8.9999987 0.0663434 0.1666598 0.2234824 0.2120532 0.1972912 
Aureobasidium_sp.AWRI4619-CO-2020       8.1605885 0.0000000 0.1318405 8.9999986 7.7969963 0.1328951 0.2805375 8.9999988 8.9999987 8.7781855 8.9999985 0.1284055 0.1486322 8.9999984 8.7374656 8.9999989 8.4320280 0.0911623 0.3767590 8.9999989 8.4313140 0.2029257 8.3890203 8.6262247 8.9999990 7.9812458 8.6928815 
Zymoseptoria_tritici_CBS100329          8.4918088 0.1318405 0.0000000 8.9999988 8.3840645 0.1205246 0.2289994 8.9999980 8.9999990 8.9999987 8.9999986 0.1537643 0.1292692 8.9999988 8.6443694 8.9999982 8.9829308 0.1904344 0.1906105 8.9999981 8.9999988 0.2294001 8.3818464 8.6833775 8.9999987 8.5078302 8.9999988 
Neophaeococcomyces_aloes_FJII-L3-CM-P2  0.2982157 8.9999986 8.9999988 0.0000000 0.2583822 8.9999982 8.9999985 8.5364601 0.3102770 0.3316269 0.3261424 8.9999989 8.9999987 0.3536334 0.2743674 0.3309419 0.2305721 8.9999986 8.9999987 0.1686697 0.2620589 8.9999989 0.2897310 0.3643054 0.2506412 0.3682171 0.3716649 
Polyplosphaeria_fusca_CBS125425         0.1320279 7.7969963 8.3840645 0.2583822 0.0000000 7.9020513 8.3549174 8.7546471 0.2353448 0.2338638 0.2249107 8.9999989 7.8740256 0.2397090 0.1414525 0.2418855 0.1643753 8.9999981 8.0460605 0.2695488 0.2751300 7.4301105 0.1398543 0.1718823 0.2165975 0.2360232 0.2329188 
Teratosphaeria_gauchensis_CMW17545      8.1633157 0.1328951 0.1205246 8.9999982 7.9020513 0.0000000 0.1829287 8.9999989 8.5131910 8.8169927 8.9999984 0.1834357 0.1026619 8.9999987 8.2445129 8.9999982 8.2993040 0.2042748 0.1685568 8.9999984 8.8488966 0.2381722 8.1168653 8.2505194 8.8781174 8.2531581 8.7781722 
Coniosporium_tulheliwenetii_JES115      8.2307937 0.2805375 0.2289994 8.9999985 8.3549174 0.1829287 0.0000000 8.9999989 8.9999984 8.6215796 8.9022933 0.2341468 0.2233113 8.8682718 8.8448132 8.9999990 8.9999984 0.2593007 0.0993776 8.9999986 8.9799359 0.2053606 8.1077202 8.8394561 8.9999983 7.7112109 8.6458454 
Tuber_melanosporum                      8.9999982 8.9999988 8.9999980 8.5364601 8.7546471 8.9999989 8.9999989 0.0000000 8.9999986 8.9999987 8.9999990 7.4294256 8.9999984 8.9999987 8.9999987 8.9999987 8.9999988 8.9999984 8.9999986 8.9149672 8.9999981 7.2878356 8.9999989 8.9999988 8.9999986 8.9999989 8.9999988 
Scorias_spongiosa_HLSS1                 0.1955556 8.9999987 8.9999990 0.3102770 0.2353448 8.5131910 8.9999984 8.9999986 0.0000000 0.2048967 0.1379542 8.9999980 8.9628598 0.1794724 0.2084225 0.2856898 0.1736317 8.9999980 8.9999985 0.3158457 0.3554967 8.9999980 0.2076063 0.1832646 0.2750758 0.2193731 0.2067956 
Friedmanniomyces_simplex_CCFEE5184      0.2009944 8.7781855 8.9999987 0.3316269 0.2338638 8.8169927 8.6215796 8.9999987 0.2048967 0.0000000 0.2069004 8.2450164 8.4876665 0.1585847 0.2119506 0.2455576 0.1900301 8.9999985 8.3463128 0.3269075 0.3207702 8.9999981 0.1834732 0.1122717 0.2874805 0.0678549 0.1409723 
Polychaeton_citri_CBS116435             0.2281398 8.9999985 8.9999986 0.3261424 0.2249107 8.9999984 8.9022933 8.9999990 0.1379542 0.2069004 0.0000000 8.9999985 8.9999990 0.1738684 0.3128099 0.2206787 0.1506209 8.9999987 8.9999987 0.3148093 0.3590884 8.9999984 0.2044007 0.1962851 0.3234459 0.2284191 0.2006639 
Leptosphaeria_biglobosa_CA1             7.8029524 0.1284055 0.1537643 8.9999989 8.9999989 0.1834357 0.2341468 7.4294256 8.9999980 8.2450164 8.9999985 0.0000000 0.1981694 8.9999990 8.7736776 8.9999987 8.7466080 0.1504788 0.2014318 8.9999986 8.1026320 0.2143320 8.0757416 8.9999988 8.9213125 8.2800248 8.4515380 
Hortaea_werneckii_EXF-2000              7.7965743 0.1486322 0.1292692 8.9999987 7.8740256 0.1026619 0.2233113 8.9999984 8.9628598 8.4876665 8.9999990 0.1981694 0.0000000 8.9999989 8.3025884 8.9999989 8.5837093 0.2030209 0.1894772 8.9999990 8.9999989 0.2494968 7.8994893 8.4301717 8.9999981 7.7795701 8.5217360 
Salinomyces_thailandica_CCFEE6315       0.2009192 8.9999984 8.9999988 0.3536334 0.2397090 8.9999987 8.8682718 8.9999987 0.1794724 0.1585847 0.1738684 8.9999990 8.9999989 0.0000000 0.2139548 0.2580581 0.1759086 8.9999988 8.4048695 0.3807153 0.3267670 8.9999981 0.2048477 0.1726739 0.2542756 0.1746547 0.1656583 
Leptosphaeria_maculans_JN3              0.0812489 8.7374656 8.6443694 0.2743674 0.1414525 8.2445129 8.8448132 8.9999987 0.2084225 0.2119506 0.3128099 8.7736776 8.3025884 0.2139548 0.0000000 0.1510995 0.1647729 8.9999986 7.7481417 0.2821722 0.2591509 8.9999982 0.0824890 0.1707969 0.2885039 0.2424149 0.2202929 
Claviceps_purpurea_20.1                 0.1706240 8.9999989 8.9999982 0.3309419 0.2418855 8.9999982 8.9999990 8.9999987 0.2856898 0.2455576 0.2206787 8.9999987 8.9999989 0.2580581 0.1510995 0.0000000 0.2010152 8.9999987 8.9999988 0.3067613 0.2400087 8.9999984 0.1711637 0.2080207 0.2004667 0.2548241 0.2354426 
Zalaria_obscura_FKI-L7-BK-DRAB2         0.1470790 8.4320280 8.9829308 0.2305721 0.1643753 8.2993040 8.9999984 8.9999988 0.1736317 0.1900301 0.1506209 8.7466080 8.5837093 0.1759086 0.1647729 0.2010152 0.0000000 8.9999982 8.7740064 0.2556362 0.2288085 8.9999982 0.1493307 0.1530787 0.2219902 0.2077864 0.1923134 
Aureobasidium_mangrovei_IBRCM30265      8.9999988 0.0911623 0.1904344 8.9999986 8.9999981 0.2042748 0.2593007 8.9999984 8.9999980 8.9999985 8.9999987 0.1504788 0.2030209 8.9999988 8.9999986 8.9999987 8.9999982 0.0000000 0.2949337 8.9999983 8.9999987 0.2035044 8.9999984 8.9999985 8.9999984 8.9999984 8.9999984 
Coniosporium_apollinis_CBS100218        8.0350106 0.3767590 0.1906105 8.9999987 8.0460605 0.1685568 0.0993776 8.9999986 8.9999985 8.3463128 8.9999987 0.2014318 0.1894772 8.4048695 7.7481417 8.9999988 8.7740064 0.2949337 0.0000000 8.9999986 8.8986115 0.2053965 7.6053439 7.9428331 8.7605581 7.2611037 8.4308479 
Neophaeococcomyces_mojaviensis_JES112   0.2980559 8.9999989 8.9999981 0.1686697 0.2695488 8.9999984 8.9999986 8.9149672 0.3158457 0.3269075 0.3148093 8.9999986 8.9999990 0.3807153 0.2821722 0.3067613 0.2556362 8.9999983 8.9999986 0.0000000 0.2648915 8.9999983 0.2840029 0.3549407 0.2455264 0.3659818 0.4156680 
Knufia_petricola_MA5789                 0.2313967 8.4313140 8.9999988 0.2620589 0.2751300 8.8488966 8.9799359 8.9999981 0.3554967 0.3207702 0.3590884 8.1026320 8.9999989 0.3267670 0.2591509 0.2400087 0.2288085 8.9999987 8.8986115 0.2648915 0.0000000 8.9999986 0.2496234 0.2947889 0.3095448 0.3294117 0.3306571 
Taxawa_tesnikishii_JES119               8.9999987 0.2029257 0.2294001 8.9999989 7.4301105 0.2381722 0.2053606 7.2878356 8.9999980 8.9999981 8.9999984 0.2143320 0.2494968 8.9999981 8.9999982 8.9999984 8.9999982 0.2035044 0.2053965 8.9999983 8.9999986 0.0000000 8.9999981 8.9999982 8.9999988 8.9999980 8.9999981 
Alternaria_solani_NL03003               0.0663434 8.3890203 8.3818464 0.2897310 0.1398543 8.1168653 8.1077202 8.9999989 0.2076063 0.1834732 0.2044007 8.0757416 7.8994893 0.2048477 0.0824890 0.1711637 0.1493307 8.9999984 7.6053439 0.2840029 0.2496234 8.9999981 0.0000000 0.1549595 0.2153593 0.2018627 0.2093137 
Neohortaea_acidophila_CBS113389         0.1666598 8.6262247 8.6833775 0.3643054 0.1718823 8.2505194 8.8394561 8.9999988 0.1832646 0.1122717 0.1962851 8.9999988 8.4301717 0.1726739 0.1707969 0.2080207 0.1530787 8.9999985 7.9428331 0.3549407 0.2947889 8.9999982 0.1549595 0.0000000 0.2563841 0.1974345 0.1723814 
Capronia_coronata_CBS617.96             0.2234824 8.9999990 8.9999987 0.2506412 0.2165975 8.8781174 8.9999983 8.9999986 0.2750758 0.2874805 0.3234459 8.9213125 8.9999981 0.2542756 0.2885039 0.2004667 0.2219902 8.9999984 8.7605581 0.2455264 0.3095448 8.9999988 0.2153593 0.2563841 0.0000000 0.3135494 0.3226357 
Friedmanniomyces_endolithicus_CCFEE5311 0.2120532 7.9812458 8.5078302 0.3682171 0.2360232 8.2531581 7.7112109 8.9999989 0.2193731 0.0678549 0.2284191 8.2800248 7.7795701 0.1746547 0.2424149 0.2548241 0.2077864 8.9999984 7.2611037 0.3659818 0.3294117 8.9999980 0.2018627 0.1974345 0.3135494 0.0000000 0.1943926 
Baudoinia_panamericana_UAMH10762        0.1972912 8.6928815 8.9999988 0.3716649 0.2329188 8.7781722 8.6458454 8.9999988 0.2067956 0.1409723 0.2006639 8.4515380 8.5217360 0.1656583 0.2202929 0.2354426 0.1923134 8.9999984 8.4308479 0.4156680 0.3306571 8.9999981 0.2093137 0.1723814 0.3226357 0.1943926 0.0000000 
