27
Neohortaea_acidophila_CBS113389         0.0000000 0.6306895 0.6479615 0.9360003 0.7922860 0.5299942 0.3546125 0.3422097 0.7780834 0.7311447 8.3645619 0.2631126 0.5192396 0.3864034 0.8983548 1.0160257 0.3892026 0.4025313 0.3724172 4.6706001 4.1764835 0.3347366 0.8602536 0.7405339 0.7437976 0.4343583 1.0794391 
Aureobasidium_mangrovei_IBRCM30265      0.6306895 0.0000000 0.0678474 0.6512713 0.5693435 0.4327889 0.6140101 0.4231168 0.5857063 0.5871153 5.3717033 0.4665600 0.2344963 0.6247568 0.5565551 0.7365673 0.4707356 0.5097042 0.5614744 5.8816379 4.6787628 0.4945839 0.6704213 0.7796191 0.7867268 0.4514882 0.8051950 
Aureobasidium_sp.AWRI4619-CO-2020       0.6479615 0.0678474 0.0000000 0.7419456 0.7102069 0.4354877 0.5813575 0.6042438 0.7566474 0.7726487 5.7139312 0.5832418 0.2792793 0.5563690 0.7482415 0.9547719 0.4734285 0.5720592 0.5885869 6.1226919 5.1840012 0.4822358 0.8861868 0.6890564 0.8978110 0.5543730 0.7622751 
Leptosphaeria_biglobosa_CA1             0.9360003 0.6512713 0.7419456 0.0000000 0.7623458 0.5894679 0.7745617 0.8731670 0.3660042 0.8031960 7.5153859 0.7261508 0.6224366 0.7926991 0.1658014 0.2694327 0.9271021 0.7418006 0.8315721 7.0988170 5.5274681 0.7438125 0.7913951 0.9146346 0.8856611 0.8105443 0.3337760 
Capronia_coronata_CBS617.96             0.7922860 0.5693435 0.7102069 0.7623458 0.0000000 0.6734739 0.7901016 0.7228949 0.6189334 0.4310869 7.1012437 0.5755948 0.5437557 0.8790201 0.7392144 0.7725147 0.6982661 0.7204391 0.8088551 7.3873720 5.3019037 0.7154652 0.4084842 0.7846643 0.9721780 0.6182702 0.8457687 
Coniosporium_apollinis_CBS100218        0.5299942 0.4327889 0.4354877 0.5894679 0.6734739 0.0000000 0.4943395 0.3709850 0.5469564 0.5859544 6.6125317 0.3769989 0.3591086 0.5019743 0.5152961 0.5713137 0.4453297 0.4002062 0.4573583 5.1030768 3.8567787 0.4711532 0.6373398 0.6961398 0.7051905 0.4302100 0.7036520 
Friedmanniomyces_simplex_CCFEE5184      0.3546125 0.6140101 0.5813575 0.7745617 0.7901016 0.4943395 0.0000000 0.2545459 0.7800309 0.8240870 7.4003159 0.2113437 0.5505593 0.2389127 0.9838077 0.9683425 0.3587329 0.0833464 0.2615747 3.9990538 4.1462313 0.2099434 0.9081567 0.6716103 0.7294358 0.3630912 0.9344213 
Zymoseptoria_tritici_CBS100329          0.3422097 0.4231168 0.6042438 0.8731670 0.7228949 0.3709850 0.2545459 0.0000000 0.7056632 0.5709710 5.2088637 0.2162893 0.4048811 0.3238312 0.6984757 0.8278132 0.2924368 0.2271931 0.2518230 4.1239690 4.3313102 0.2309256 0.6347317 0.7953693 0.6107290 0.2800800 0.9949064 
Polyplosphaeria_fusca_CBS125425         0.7780834 0.5857063 0.7566474 0.3660042 0.6189334 0.5469564 0.7800309 0.7056632 0.0000000 0.6702645 6.1213766 0.5805487 0.5356935 0.8781863 0.3307744 0.3525601 0.7220778 0.6725960 0.8741004 7.4345556 4.9138293 0.6308815 0.6570552 0.8434495 0.6273106 0.6846380 0.5775526 
Knufia_petricola_MA5789                 0.7311447 0.5871153 0.7726487 0.8031960 0.4310869 0.5859544 0.8240870 0.5709710 0.6702645 0.0000000 6.5302905 0.6261681 0.6686308 0.7814749 0.7351837 0.8564852 0.6303695 0.7989255 0.7491919 6.7552071 5.4244674 0.6577690 0.2414597 1.0123591 0.8794677 0.6853585 0.8765164 
Taxawa_tesnikishii_JES119               8.3645619 5.3717033 5.7139312 7.5153859 7.1012437 6.6125317 7.4003159 5.2088637 6.1213766 6.5302905 0.0000000 6.9329810 6.1807894 6.8139220 7.2593364 6.8979027 5.3444324 5.9524009 5.8002583 8.9999989 8.9999983 6.7822764 6.0524746 5.9914636 6.8013233 6.3000131 7.5378334 
Salinomyces_thailandica_CCFEE6315       0.2631126 0.4665600 0.5832418 0.7261508 0.5755948 0.3769989 0.2113437 0.2162893 0.5805487 0.6261681 6.9329810 0.0000000 0.2884702 0.1450896 0.6525577 0.7153283 0.2721256 0.1864948 0.2278889 3.9233982 4.2549531 0.1974642 0.6569319 0.6864858 0.5670661 0.2316186 0.9141194 
Zalaria_obscura_FKI-L7-BK-DRAB2         0.5192396 0.2344963 0.2792793 0.6224366 0.5437557 0.3591086 0.5505593 0.4048811 0.5356935 0.6686308 6.1807894 0.2884702 0.0000000 0.4919761 0.5349208 0.5997737 0.4496390 0.4315015 0.5395061 4.8796625 4.4404147 0.5066949 0.6813801 0.7691974 0.8455614 0.3189004 0.7580805 
Hortaea_werneckii_EXF-2000              0.3864034 0.6247568 0.5563690 0.7926991 0.8790201 0.5019743 0.2389127 0.3238312 0.8781863 0.7814749 6.8139220 0.1450896 0.4919761 0.0000000 0.8675784 0.9796018 0.3571055 0.2179213 0.2530116 4.0714758 4.1016366 0.2392405 0.9529507 0.6515361 0.7330736 0.4369181 0.8844654 
Leptosphaeria_maculans_JN3              0.8983548 0.5565551 0.7482415 0.1658014 0.7392144 0.5152961 0.9838077 0.6984757 0.3307744 0.7351837 7.2593364 0.6525577 0.5349208 0.8675784 0.0000000 0.2895785 0.7858691 0.7471246 0.8689374 6.4334733 5.0166546 0.8604291 0.6919754 0.9719002 0.7127699 0.7175327 0.3205979 
Phaeosphaeria_sp.MPI-PUGE-AT-0046c      1.0160257 0.7365673 0.9547719 0.2694327 0.7725147 0.5713137 0.9683425 0.8278132 0.3525601 0.8564852 6.8979027 0.7153283 0.5997737 0.9796018 0.2895785 0.0000000 0.7709361 0.8449370 0.8468218 7.2842132 4.7900848 0.8595208 0.7398450 1.0325993 0.7837246 0.7970739 0.3796239 
Scorias_spongiosa_HLSS1                 0.3892026 0.4707356 0.4734285 0.9271021 0.6982661 0.4453297 0.3587329 0.2924368 0.7220778 0.6303695 5.3444324 0.2721256 0.4496390 0.3571055 0.7858691 0.7709361 0.0000000 0.3755168 0.3368080 4.3249385 4.5753691 0.3016305 0.8009523 0.5875661 0.8102114 0.2243989 0.8529317 
Friedmanniomyces_endolithicus_CCFEE5311 0.4025313 0.5097042 0.5720592 0.7418006 0.7204391 0.4002062 0.0833464 0.2271931 0.6725960 0.7989255 5.9524009 0.1864948 0.4315015 0.2179213 0.7471246 0.8449370 0.3755168 0.0000000 0.2545405 3.8833968 4.4311752 0.2184893 0.7593337 0.7133987 0.7183137 0.3516222 0.9088954 
Baudoinia_panamericana_UAMH10762        0.3724172 0.5614744 0.5885869 0.8315721 0.8088551 0.4573583 0.2615747 0.2518230 0.8741004 0.7491919 5.8002583 0.2278889 0.5395061 0.2530116 0.8689374 0.8468218 0.3368080 0.2545405 0.0000000 3.8783061 3.8033424 0.2748728 0.9197673 0.6483248 0.8590846 0.3047245 0.8536081 
Neophaeococcomyces_mojaviensis_JES112   4.6706001 5.8816379 6.1226919 7.0988170 7.3873720 5.1030768 3.9990538 4.1239690 7.4345556 6.7552071 8.9999989 3.9233982 4.8796625 4.0714758 6.4334733 7.2842132 4.3249385 3.8833968 3.8783061 0.0000000 8.9999980 4.6267693 6.4341007 7.8861291 6.9528647 4.5394992 6.7805037 
Coniosporium_tulheliwenetii_JES115      4.1764835 4.6787628 5.1840012 5.5274681 5.3019037 3.8567787 4.1462313 4.3313102 4.9138293 5.4244674 8.9999983 4.2549531 4.4404147 4.1016366 5.0166546 4.7900848 4.5753691 4.4311752 3.8033424 8.9999980 0.0000000 3.7908406 4.4740843 7.8150839 5.7740700 4.1941187 5.5048655 
Teratosphaeria_gauchensis_CMW17545      0.3347366 0.4945839 0.4822358 0.7438125 0.7154652 0.4711532 0.2099434 0.2309256 0.6308815 0.6577690 6.7822764 0.1974642 0.5066949 0.2392405 0.8604291 0.8595208 0.3016305 0.2184893 0.2748728 4.6267693 3.7908406 0.0000000 0.8381713 0.6794958 0.7184155 0.3624436 0.7711237 
Neophaeococcomyces_aloes_FJII-L3-CM-P2  0.8602536 0.6704213 0.8861868 0.7913951 0.4084842 0.6373398 0.9081567 0.6347317 0.6570552 0.2414597 6.0524746 0.6569319 0.6813801 0.9529507 0.6919754 0.7398450 0.8009523 0.7593337 0.9197673 6.4341007 4.4740843 0.8381713 0.0000000 0.8110237 0.9728846 0.6787352 1.0334023 
Tuber_melanosporum_Mel28                0.7405339 0.7796191 0.6890564 0.9146346 0.7846643 0.6961398 0.6716103 0.7953693 0.8434495 1.0123591 5.9914636 0.6864858 0.7691974 0.6515361 0.9719002 1.0325993 0.5875661 0.7133987 0.6483248 7.8861291 7.8150839 0.6794958 0.8110237 0.0000000 0.8354613 0.7638215 0.9899097 
Claviceps_purpurea_20.1                 0.7437976 0.7867268 0.8978110 0.8856611 0.9721780 0.7051905 0.7294358 0.6107290 0.6273106 0.8794677 6.8013233 0.5670661 0.8455614 0.7330736 0.7127699 0.7837246 0.8102114 0.7183137 0.8590846 6.9528647 5.7740700 0.7184155 0.9728846 0.8354613 0.0000000 0.6506708 0.8728772 
Polychaeton_citri_CBS116435             0.4343583 0.4514882 0.5543730 0.8105443 0.6182702 0.4302100 0.3630912 0.2800800 0.6846380 0.6853585 6.3000131 0.2316186 0.3189004 0.4369181 0.7175327 0.7970739 0.2243989 0.3516222 0.3047245 4.5394992 4.1941187 0.3624436 0.6787352 0.7638215 0.6506708 0.0000000 0.9251094 
Alternaria_solani_NL03003               1.0794391 0.8051950 0.7622751 0.3337760 0.8457687 0.7036520 0.9344213 0.9949064 0.5775526 0.8765164 7.5378334 0.9141194 0.7580805 0.8844654 0.3205979 0.3796239 0.8529317 0.9088954 0.8536081 6.7805037 5.5048655 0.7711237 1.0334023 0.9899097 0.8728772 0.9251094 0.0000000 
