27
Phaeosphaeria_sp.MPI-PUGE-AT-0046c      0.0000000 0.2813001 0.2402714 0.3131707 0.4724928 0.2480087 0.2743181 0.2159643 0.2913795 0.4430060 2.9416570 0.2746371 0.2406865 0.1008050 0.2928824 0.3767294 0.0260058 0.2776026 0.1657541 2.2810807 3.3947094 0.2267440 0.0441972 0.3291559 0.5231602 0.2432500 0.3131707 
Neohortaea_acidophila_CBS113389         0.2813001 0.0000000 0.0893641 0.2141611 0.5324310 0.0747152 0.0798614 0.2120971 0.1270094 0.3438626 3.0094141 0.1043327 0.0826550 0.1928336 0.2633705 0.7400140 0.2101032 0.0712254 0.1422482 2.7154542 2.9704058 0.1033628 0.2409861 0.2092804 0.3533208 0.1033167 0.2141611 
Hortaea_werneckii_EXF-2000              0.2402714 0.0893641 0.0000000 0.2377271 0.4872299 0.0390284 0.0727174 0.2057399 0.1070295 0.3555773 2.9754570 0.0694871 0.0261273 0.1778530 0.2282355 0.6727662 0.2168302 0.0635564 0.1359974 2.3724311 2.9026868 0.1011034 0.2065427 0.2134623 0.4357573 0.0985519 0.2377271 
Aureobasidium_mangrovei_IBRCM30265      0.3131707 0.2141611 0.2377271 0.0000000 0.3912652 0.1908252 0.2513917 0.1780108 0.2587322 0.2783348 2.9274265 0.3006272 0.2048855 0.1880778 0.3063748 0.5891343 0.2784639 0.2345270 0.1751539 1.9393415 3.2000744 0.1813946 0.2649489 0.0850877 0.3666933 0.1912765 0.0000010 
Knufia_petricola_MA5789                 0.4724928 0.5324310 0.4872299 0.3912652 0.0000000 0.4641341 0.4813312 0.3922636 0.4418090 0.1119801 3.1504042 0.6444081 0.4248627 0.3799294 0.0685904 0.7232547 0.4645569 0.4672261 0.3355262 2.4337896 4.1359759 0.4568684 0.4370249 0.3837818 0.5994132 0.4323746 0.3912652 
Teratosphaeria_gauchensis_CMW17545      0.2480087 0.0747152 0.0390284 0.1908252 0.4641341 0.0000000 0.0618287 0.1857318 0.0900852 0.3285827 2.8677541 0.0677687 0.0260939 0.1605595 0.2133847 0.6984655 0.2220675 0.0531703 0.1302193 2.5295246 2.8123760 0.0747786 0.2178633 0.1823809 0.3295699 0.0809458 0.1908252 
Friedmanniomyces_endolithicus_CCFEE5311 0.2743181 0.0798614 0.0727174 0.2513917 0.4813312 0.0618287 0.0000000 0.2287735 0.1305536 0.3895319 2.9286403 0.0761668 0.0543164 0.1966908 0.2562602 0.7116539 0.1758266 0.0188279 0.1082234 2.5260339 3.0316087 0.1094279 0.2451965 0.2282224 0.3390962 0.1089407 0.2513917 
Coniosporium_tulheliwenetii_JES115      0.2159643 0.2120971 0.2057399 0.1780108 0.3922636 0.1857318 0.2287735 0.0000000 0.2238368 0.2691170 2.9989868 0.3021627 0.1715910 0.1383117 0.2897490 0.5551522 0.1901959 0.2130398 0.0057451 2.1731737 3.5433700 0.2196912 0.2000147 0.1478547 0.3290438 0.1919825 0.1780108 
Zymoseptoria_tritici_CBS100329          0.2913795 0.1270094 0.1070295 0.2587322 0.4418090 0.0900852 0.1305536 0.2238368 0.0000000 0.3472090 2.9568219 0.1425074 0.1040939 0.1969267 0.2522587 0.7420626 0.2768512 0.1288136 0.1553055 2.6182438 3.0813838 0.1178742 0.2785555 0.2213132 0.3650271 0.1146012 0.2587322 
Capronia_coronata_CBS617.96             0.4430060 0.3438626 0.3555773 0.2783348 0.1119801 0.3285827 0.3895319 0.2691170 0.3472090 0.0000000 3.0124319 0.4116753 0.3392127 0.3233052 0.0933561 0.6948090 0.4161066 0.3605083 0.2517855 2.4479467 3.6660235 0.3680765 0.3703503 0.3903857 0.4385562 0.3456042 0.2783348 
Tuber_melanosporum_Mel28                2.9416570 3.0094141 2.9754570 2.9274265 3.1504042 2.8677541 2.9286403 2.9989868 2.9568219 3.0124319 0.0000000 2.9875257 2.8933302 2.9325992 2.9770421 3.8492603 2.9807699 2.9541188 3.0128239 8.6925061 7.5067178 2.8521562 2.9585679 3.0431245 3.4441653 2.8802005 2.9274265 
Baudoinia_panamericana_UAMH10762        0.2746371 0.1043327 0.0694871 0.3006272 0.6444081 0.0677687 0.0761668 0.3021627 0.1425074 0.4116753 2.9875257 0.0000000 0.0678101 0.2167302 0.2653973 0.7371373 0.1708451 0.0724366 0.1170499 2.6759515 2.8490915 0.1123492 0.2473632 0.3003123 0.4870757 0.1195165 0.3006272 
Salinomyces_thailandica_CCFEE6315       0.2406865 0.0826550 0.0261273 0.2048855 0.4248627 0.0260939 0.0543164 0.1715910 0.1040939 0.3392127 2.8933302 0.0678101 0.0000000 0.1520775 0.2023367 0.6633891 0.2049028 0.0488978 0.1104943 2.5260797 2.9129904 0.0864990 0.1975454 0.1942633 0.3640379 0.0871572 0.2048855 
Polyplosphaeria_fusca_CBS125425         0.1008050 0.1928336 0.1778530 0.1880778 0.3799294 0.1605595 0.1966908 0.1383117 0.1969267 0.3233052 2.9325992 0.2167302 0.1520775 0.0000000 0.2168909 0.4850255 0.0769654 0.1854234 0.1093811 2.1494391 3.1781985 0.1603487 0.0861818 0.1821802 0.3908995 0.1861402 0.1880778 
Neophaeococcomyces_mojaviensis_JES112   0.2928824 0.2633705 0.2282355 0.3063748 0.0685904 0.2133847 0.2562602 0.2897490 0.2522587 0.0933561 2.9770421 0.2653973 0.2023367 0.2168909 0.0000000 0.6600918 0.2580153 0.2372493 0.1899839 2.2438565 3.4389573 0.2536552 0.2316253 0.3883696 0.4893616 0.2655671 0.3063748 
Taxawa_tesnikishii_JES119               0.3767294 0.7400140 0.6727662 0.5891343 0.7232547 0.6984655 0.7116539 0.5551522 0.7420626 0.6948090 3.8492603 0.7371373 0.6633891 0.4850255 0.6600918 0.0000000 0.3820444 0.7136962 0.5204311 2.6388663 4.1550247 0.6592794 0.4241679 0.7815218 0.9145782 0.6911599 0.5891343 
Leptosphaeria_maculans_JN3              0.0260058 0.2101032 0.2168302 0.2784639 0.4645569 0.2220675 0.1758266 0.1901959 0.2768512 0.4161066 2.9807699 0.1708451 0.2049028 0.0769654 0.2580153 0.3820444 0.0000000 0.1784806 0.1104333 2.0273807 3.3609395 0.2006006 0.0240905 0.2782082 0.4888226 0.2293441 0.2784639 
Friedmanniomyces_simplex_CCFEE5184      0.2776026 0.0712254 0.0635564 0.2345270 0.4672261 0.0531703 0.0188279 0.2130398 0.1288136 0.3605083 2.9541188 0.0724366 0.0488978 0.1854234 0.2372493 0.7136962 0.1784806 0.0000000 0.1100219 2.3631679 2.9749244 0.1053925 0.2412964 0.2318284 0.3610934 0.0952789 0.2345270 
Coniosporium_apollinis_CBS100218        0.1657541 0.1422482 0.1359974 0.1751539 0.3355262 0.1302193 0.1082234 0.0057451 0.1553055 0.2517855 3.0128239 0.1170499 0.1104943 0.1093811 0.1899839 0.5204311 0.1104333 0.1100219 0.0000000 2.3987983 3.1808041 0.1446752 0.1410849 0.1524062 0.3348071 0.1438524 0.1751539 
Alternaria_solani_NL03003               2.2810807 2.7154542 2.3724311 1.9393415 2.4337896 2.5295246 2.5260339 2.1731737 2.6182438 2.4479467 8.6925061 2.6759515 2.5260797 2.1494391 2.2438565 2.6388663 2.0273807 2.3631679 2.3987983 0.0000000 8.9999981 2.5320737 2.0605464 1.9791062 2.7578066 2.1018154 1.9393415 
Neophaeococcomyces_aloes_FJII-L3-CM-P2  3.3947094 2.9704058 2.9026868 3.2000744 4.1359759 2.8123760 3.0316087 3.5433700 3.0813838 3.6660235 7.5067178 2.8490915 2.9129904 3.1781985 3.4389573 4.1550247 3.3609395 2.9749244 3.1808041 8.9999981 0.0000000 2.9993808 3.2527619 3.3008562 3.6825090 2.9598261 3.2000744 
Polychaeton_citri_CBS116435             0.2267440 0.1033628 0.1011034 0.1813946 0.4568684 0.0747786 0.1094279 0.2196912 0.1178742 0.3680765 2.8521562 0.1123492 0.0864990 0.1603487 0.2536552 0.6592794 0.2006006 0.1053925 0.1446752 2.5320737 2.9993808 0.0000000 0.2047334 0.1722392 0.3432296 0.0664104 0.1813946 
Leptosphaeria_biglobosa_CA1             0.0441972 0.2409861 0.2065427 0.2649489 0.4370249 0.2178633 0.2451965 0.2000147 0.2785555 0.3703503 2.9585679 0.2473632 0.1975454 0.0861818 0.2316253 0.4241679 0.0240905 0.2412964 0.1410849 2.0605464 3.2527619 0.2047334 0.0000000 0.2931053 0.4526373 0.2452042 0.2649489 
Zalaria_obscura_FKI-L7-BK-DRAB2         0.3291559 0.2092804 0.2134623 0.0850877 0.3837818 0.1823809 0.2282224 0.1478547 0.2213132 0.3903857 3.0431245 0.3003123 0.1942633 0.1821802 0.3883696 0.7815218 0.2782082 0.2318284 0.1524062 1.9791062 3.3008562 0.1722392 0.2931053 0.0000000 0.3962068 0.1447558 0.0850877 
Claviceps_purpurea_20.1                 0.5231602 0.3533208 0.4357573 0.3666933 0.5994132 0.3295699 0.3390962 0.3290438 0.3650271 0.4385562 3.4441653 0.4870757 0.3640379 0.3908995 0.4893616 0.9145782 0.4888226 0.3610934 0.3348071 2.7578066 3.6825090 0.3432296 0.4526373 0.3962068 0.0000000 0.4113030 0.3666933 
Scorias_spongiosa_HLSS1                 0.2432500 0.1033167 0.0985519 0.1912765 0.4323746 0.0809458 0.1089407 0.1919825 0.1146012 0.3456042 2.8802005 0.1195165 0.0871572 0.1861402 0.2655671 0.6911599 0.2293441 0.0952789 0.1438524 2.1018154 2.9598261 0.0664104 0.2452042 0.1447558 0.4113030 0.0000000 0.1912765 
Aureobasidium_sp.AWRI4619-CO-2020       0.3131707 0.2141611 0.2377271 0.0000010 0.3912652 0.1908252 0.2513917 0.1780108 0.2587322 0.2783348 2.9274265 0.3006272 0.2048855 0.1880778 0.3063748 0.5891343 0.2784639 0.2345270 0.1751539 1.9393415 3.2000744 0.1813946 0.2649489 0.0850877 0.3666933 0.1912765 0.0000000 
